1878 62.0
1879 61.9
1880 59.8
1881 62.4
1882 61.3
1883 62.8
1884 62.0
1885 64.3
1886 62.6
1887 62.4
1888 63.2
1889 63.1
1890 63.6
1891 63.0
1892 61.6
1893 61.5
1894 60.3
1895 61.8
1896 63.2
1897 61.8
1898 62.6
1899 61.9
1900 63.5
1901 62.1
1902 61.2
1903 62.2
1904 63.9
1905 62.6
1906 62.9
1907 62.6
1908 61.9
1909 61.4
1910 63.1
1911 62.2
1912 62.6
1913 62.5
1914 63.3
1915 63.0
1916 61.0
1917 63.0
1918 63.9
1919 62.9
1920 62.4
1921 63.0
1922 62.5
1923 63.7
1924 63.5
1925 63.9
1926 65.1
1927 63.3
1928 64.2
1929 64.6
1930 64.9
1931 66.5
1932 63.6
1933 62.4
1934 65.8
1935 63.6
1936 65.2
1937 63.5
1938 64.6
1939 65.4
1940 65.0
1941 64.0
1942 63.5
1943 64.2
1944 62.2
1945 63.1
1946 63.2
1947 64.1
1948 62.9
1949 63.4
1950 63.8
1951 63.5
1952 63.6
1953 64.6
1954 64.9
1955 63.7
1956 64.7
1957 65.7
1958 67.0
1959 67.3
1960 65.6
1961 65.3
1962 63.2
1963 65.1
1964 63.6
1965 64.3
1966 66.0
1967 66.4
1968 66.2
1969 65.4
1970 66.1
1971 65.1
1972 66.5
1973 65.0
1974 65.3
1975 63.0
1976 65.1
1977 65.9
1978 65.5
1979 65.4
1980 67.7
1981 68.9
1982 65.5
1983 68.9
1984 68.4
1985 67.0
1986 67.7
1987 66.0
1988 66.1
1989 66.7
1990 67.5
1991 65.8
1992 68.0
1993 67.2
1994 67.5
1995 67.8
1996 67.6
1997 68.3
1998 66.1
1999 64.2
2000 65.1
2001 64.0
2002 64.4
2003 65.4
2004 65.4
2005 65.1
2006 66.7
2007 65.6
2008 66.4
2009 66.2
2010 65.7
2011 63.9
2012 65.5
2013 65.6
2014 68.1
2015 68.3
2016 67.1
2017 68.2
2018 67.2
2019 66.1
